Opened all files
Rows: 45
Cols: 45
Min: 1
Max:63
Created imgAry
Entering loadimage
Exiting loadimage
Entering PrettyPrint
45 45 1 63
1  2  3  4  5  1  2  3  4  5  1  2  3  4  5  1  2  3  4  5  1  2  33 4  5  1  2  3  4  5  1  2  3  4  5  1  2  3  4  5  1  2  3  4  5  
1  2  3  4  5  1  2  3  4  5  1  2  3  4  5  1  2  3  4  5  1  32 33 34 5  1  2  3  4  5  1  2  3  4  5  1  2  3  4  5  1  2  3  4  5  
1  2  3  4  5  1  2  3  4  5  1  2  3  4  5  1  2  3  4  5  30 32 35 34 35 1  2  3  4  5  1  2  3  4  5  1  2  3  4  5  1  2  3  4  5  
1  2  3  4  5  1  2  3  4  5  1  2  3  4  5  1  2  3  4  35 31 32 33 34 35 31 2  3  4  5  1  2  3  4  5  1  2  3  4  5  1  2  3  4  5  
1  2  3  4  5  1  2  3  4  5  1  2  3  4  5  1  2  3  34 35 31 32 33 34 35 31 32 3  4  5  1  2  3  4  5  1  2  3  4  5  1  2  3  4  5  
1  2  3  4  5  1  2  3  4  5  1  2  3  4  5  1  2  33 34 35 31 32 33 34 35 31 32 33 4  5  1  2  3  4  5  1  2  3  4  5  1  2  3  4  5  
1  2  3  4  5  1  2  3  4  5  1  2  3  4  5  1  32 33 34 35 31 32 33 34 35 31 32 33 34 5  1  2  3  4  5  1  2  3  4  5  1  2  3  4  5  
1  2  3  4  5  1  2  3  4  35 31 32 33 34 35 31 32 33 34 35 31 32 33 34 35 31 32 33 34 35 31 32 33 34 35 31 2  3  4  5  1  2  3  4  5  
1  2  3  4  5  1  2  3  4  35 31 32 33 34 35 31 32 33 34 35 31 32 33 34 35 31 32 33 34 35 31 32 33 34 35 31 2  3  4  5  1  2  3  4  5  
1  2  3  4  5  1  2  3  4  35 31 32 33 34 35 31 32 33 34 35 31 32 33 34 35 31 32 33 34 35 31 32 33 34 35 31 2  3  4  5  1  2  3  4  5  
1  2  3  4  5  1  2  3  4  35 31 32 33 34 35 31 32 33 34 35 31 32 33 34 35 31 32 33 34 35 31 32 33 34 35 31 2  3  4  5  1  2  3  4  5  
1  2  3  4  5  1  2  3  4  35 31 32 33 34 35 31 32 33 34 35 31 32 33 34 35 31 32 33 34 35 31 32 33 34 35 31 2  3  4  5  1  2  3  4  5  
1  2  3  4  5  1  2  3  4  35 31 32 33 34 35 31 32 33 34 35 31 32 33 34 35 31 32 33 34 35 31 32 33 34 35 31 2  3  4  5  1  2  3  4  5  
1  2  3  4  5  1  2  3  4  35 31 32 33 34 35 31 32 33 34 35 31 32 33 34 35 31 32 33 34 35 31 32 33 34 35 31 2  3  4  5  1  2  3  4  5  
1  2  3  4  5  1  2  3  34 35 31 32 33 34 35 31 32 33 34 35 31 32 33 34 35 31 32 33 34 35 31 32 33 34 35 31 32 3  4  5  1  2  3  4  5  
1  2  3  4  5  1  2  33 34 35 31 32 33 34 35 31 32 33 34 35 31 32 33 34 35 31 32 33 34 35 31 32 33 34 35 31 32 33 4  5  1  2  3  4  5  
1  2  3  4  5  1  32 33 34 35 31 32 33 34 35 31 32 33 34 35 31 32 33 34 35 31 32 33 34 35 31 32 33 34 35 31 32 33 34 5  1  2  3  4  5  
1  2  3  4  5  31 32 33 34 35 31 32 33 34 35 31 32 33 34 35 31 32 33 34 35 31 32 33 34 35 31 32 33 34 35 31 32 33 34 35 1  2  3  4  5  
1  2  3  4  35 31 32 33 34 35 31 32 33 34 35 31 32 33 34 35 31 32 33 34 35 31 32 33 34 35 31 32 33 34 35 31 32 33 34 35 31 2  3  4  5  
1  2  3  34 35 31 32 33 34 35 31 32 33 34 35 31 32 33 34 35 31 32 33 34 35 31 32 33 34 35 31 32 33 34 35 31 32 33 34 35 31 32 3  4  5  
1  2  33 34 35 31 32 33 34 35 31 32 33 34 35 31 32 33 34 35 31 32 33 34 35 31 32 33 34 35 31 32 33 34 35 31 32 33 34 35 31 32 33 4  5  
1  32 33 34 35 31 32 33 34 35 31 32 33 34 35 31 32 33 34 35 31 32 33 34 35 31 32 33 34 35 31 32 33 34 35 31 32 33 34 35 31 32 33 34 5  
31 32 33 34 35 31 32 33 34 35 31 32 33 34 35 31 32 33 34 35 31 32 33 34 35 31 32 33 34 35 31 32 33 34 35 31 32 33 34 35 31 32 33 34 35 
1  32 33 34 35 31 32 33 34 35 31 32 33 34 35 31 32 33 34 35 31 32 33 34 35 31 32 33 34 35 31 32 33 34 35 31 32 33 34 35 31 32 33 34 5  
1  2  33 34 35 31 32 33 34 35 31 32 33 34 35 31 32 33 34 35 31 32 33 34 35 31 32 33 34 35 31 32 33 34 35 31 32 33 34 35 31 32 33 4  5  
1  2  3  34 35 31 32 33 34 35 31 32 33 34 35 31 32 33 34 35 31 32 33 34 35 31 32 33 34 35 31 32 33 34 35 31 32 33 34 35 31 32 3  4  5  
1  2  3  4  35 31 32 33 34 35 31 32 33 34 35 31 32 33 34 35 31 32 33 34 35 31 32 33 34 35 31 32 33 34 35 31 32 33 34 35 31 2  3  4  5  
1  2  3  4  5  31 32 33 34 35 31 32 33 34 35 31 32 33 34 35 31 32 33 34 35 31 32 33 34 35 31 32 33 34 35 31 32 33 34 35 1  2  3  4  5  
1  2  3  4  5  1  32 33 34 35 31 32 33 34 35 31 32 33 34 35 31 32 33 34 35 31 32 33 34 35 31 32 33 34 35 31 32 33 34 5  1  2  3  4  5  
1  2  3  4  5  1  2  33 34 35 31 32 33 34 35 31 32 33 34 35 31 32 33 34 35 31 32 33 34 35 31 32 33 34 35 31 32 33 4  5  1  2  3  4  5  
1  2  3  4  5  1  2  3  34 35 31 32 33 34 35 31 32 33 34 35 31 32 33 34 35 31 32 33 34 35 31 32 33 34 35 31 32 3  4  5  1  2  3  4  5  
1  2  3  4  5  1  2  3  4  35 31 32 33 34 35 31 32 33 34 35 31 32 33 34 35 31 32 33 34 35 31 32 33 34 35 31 2  3  4  5  1  2  3  4  5  
1  2  3  4  5  1  2  3  4  35 31 32 33 34 35 31 32 33 34 35 31 32 33 34 35 31 32 33 34 35 31 32 33 34 35 31 2  3  4  5  1  2  3  4  5  
1  2  3  4  5  1  2  3  4  35 31 32 33 34 35 31 32 33 34 35 31 32 33 34 35 31 32 33 34 35 31 32 33 34 35 31 2  3  4  5  1  2  3  4  5  
1  2  3  4  5  1  2  3  4  35 31 32 33 34 35 31 32 33 34 35 31 32 33 34 35 31 32 33 34 35 31 32 33 34 35 31 2  3  4  5  1  2  3  4  5  
1  2  3  4  5  1  2  3  4  35 31 32 33 34 35 31 32 33 34 35 31 32 33 34 35 31 32 33 34 35 31 32 33 34 35 31 2  3  4  5  1  2  3  4  5  
1  2  3  4  5  1  2  3  4  35 31 32 33 34 35 31 32 33 34 35 31 32 33 34 35 31 32 33 34 35 31 32 33 34 35 31 2  3  4  5  1  2  3  4  5  
1  2  3  4  5  1  2  3  4  35 31 32 33 34 35 31 32 33 34 35 31 32 33 34 35 31 32 33 34 35 31 32 33 34 35 31 2  3  4  5  1  2  3  4  5  
1  2  3  4  5  1  2  3  4  5  1  2  3  4  5  1  32 33 34 35 31 32 33 34 35 31 32 33 34 5  1  2  3  4  5  1  2  3  4  5  1  2  3  4  5  
1  2  3  4  5  1  2  3  4  5  1  2  3  4  5  1  2  33 34 35 31 32 33 34 35 31 32 33 4  5  1  2  3  4  5  1  2  3  4  5  1  2  3  4  5  
1  2  3  4  5  1  2  3  4  5  1  2  3  4  5  1  2  3  34 35 31 32 33 34 35 31 32 3  4  5  1  2  3  4  5  1  2  3  4  5  1  2  3  4  5  
1  2  3  4  5  1  2  3  4  5  1  2  3  4  5  1  2  3  4  35 31 32 33 34 35 31 2  3  4  5  1  2  3  4  5  1  2  3  4  5  1  2  3  4  5  
1  2  3  4  5  1  2  3  4  5  1  2  3  4  5  1  2  3  4  5  31 32 33 34 35 1  2  3  4  5  1  2  3  4  5  1  2  3  4  5  1  2  3  4  5  
1  2  3  4  5  1  2  3  4  5  1  2  3  4  5  1  2  3  4  5  1  32 33 34 5  1  2  3  4  5  1  2  3  4  5  1  2  3  4  5  1  2  3  4  5  
1  2  3  4  5  1  2  3  4  5  1  2  3  4  5  1  2  3  4  5  1  2  33 4  5  1  2  3  4  5  1  2  3  4  5  1  2  3  4  5  1  2  3  4  5  

Leaving PrettyPrint
Creating histAry
Created histAry
Entering computeHist
Exiting computeHist
Entering printHist
Exiting printHist
Entering dispHist
Exiting dispHist
The threshold value is : 29
Entering binaryThershold
The result of the binary thresholding using 29 as threshold value
45 45 0 1
0 0 0 0 0 0 0 0 0 0 0 0 0 0 0 0 0 0 0 0 0 0 1 0 0 0 0 0 0 0 0 0 0 0 0 0 0 0 0 0 0 0 0 0 0 
0 0 0 0 0 0 0 0 0 0 0 0 0 0 0 0 0 0 0 0 0 1 1 1 0 0 0 0 0 0 0 0 0 0 0 0 0 0 0 0 0 0 0 0 0 
0 0 0 0 0 0 0 0 0 0 0 0 0 0 0 0 0 0 0 0 1 1 1 1 1 0 0 0 0 0 0 0 0 0 0 0 0 0 0 0 0 0 0 0 0 
0 0 0 0 0 0 0 0 0 0 0 0 0 0 0 0 0 0 0 1 1 1 1 1 1 1 0 0 0 0 0 0 0 0 0 0 0 0 0 0 0 0 0 0 0 
0 0 0 0 0 0 0 0 0 0 0 0 0 0 0 0 0 0 1 1 1 1 1 1 1 1 1 0 0 0 0 0 0 0 0 0 0 0 0 0 0 0 0 0 0 
0 0 0 0 0 0 0 0 0 0 0 0 0 0 0 0 0 1 1 1 1 1 1 1 1 1 1 1 0 0 0 0 0 0 0 0 0 0 0 0 0 0 0 0 0 
0 0 0 0 0 0 0 0 0 0 0 0 0 0 0 0 1 1 1 1 1 1 1 1 1 1 1 1 1 0 0 0 0 0 0 0 0 0 0 0 0 0 0 0 0 
0 0 0 0 0 0 0 0 0 1 1 1 1 1 1 1 1 1 1 1 1 1 1 1 1 1 1 1 1 1 1 1 1 1 1 1 0 0 0 0 0 0 0 0 0 
0 0 0 0 0 0 0 0 0 1 1 1 1 1 1 1 1 1 1 1 1 1 1 1 1 1 1 1 1 1 1 1 1 1 1 1 0 0 0 0 0 0 0 0 0 
0 0 0 0 0 0 0 0 0 1 1 1 1 1 1 1 1 1 1 1 1 1 1 1 1 1 1 1 1 1 1 1 1 1 1 1 0 0 0 0 0 0 0 0 0 
0 0 0 0 0 0 0 0 0 1 1 1 1 1 1 1 1 1 1 1 1 1 1 1 1 1 1 1 1 1 1 1 1 1 1 1 0 0 0 0 0 0 0 0 0 
0 0 0 0 0 0 0 0 0 1 1 1 1 1 1 1 1 1 1 1 1 1 1 1 1 1 1 1 1 1 1 1 1 1 1 1 0 0 0 0 0 0 0 0 0 
0 0 0 0 0 0 0 0 0 1 1 1 1 1 1 1 1 1 1 1 1 1 1 1 1 1 1 1 1 1 1 1 1 1 1 1 0 0 0 0 0 0 0 0 0 
0 0 0 0 0 0 0 0 0 1 1 1 1 1 1 1 1 1 1 1 1 1 1 1 1 1 1 1 1 1 1 1 1 1 1 1 0 0 0 0 0 0 0 0 0 
0 0 0 0 0 0 0 0 1 1 1 1 1 1 1 1 1 1 1 1 1 1 1 1 1 1 1 1 1 1 1 1 1 1 1 1 1 0 0 0 0 0 0 0 0 
0 0 0 0 0 0 0 1 1 1 1 1 1 1 1 1 1 1 1 1 1 1 1 1 1 1 1 1 1 1 1 1 1 1 1 1 1 1 0 0 0 0 0 0 0 
0 0 0 0 0 0 1 1 1 1 1 1 1 1 1 1 1 1 1 1 1 1 1 1 1 1 1 1 1 1 1 1 1 1 1 1 1 1 1 0 0 0 0 0 0 
0 0 0 0 0 1 1 1 1 1 1 1 1 1 1 1 1 1 1 1 1 1 1 1 1 1 1 1 1 1 1 1 1 1 1 1 1 1 1 1 0 0 0 0 0 
0 0 0 0 1 1 1 1 1 1 1 1 1 1 1 1 1 1 1 1 1 1 1 1 1 1 1 1 1 1 1 1 1 1 1 1 1 1 1 1 1 0 0 0 0 
0 0 0 1 1 1 1 1 1 1 1 1 1 1 1 1 1 1 1 1 1 1 1 1 1 1 1 1 1 1 1 1 1 1 1 1 1 1 1 1 1 1 0 0 0 
0 0 1 1 1 1 1 1 1 1 1 1 1 1 1 1 1 1 1 1 1 1 1 1 1 1 1 1 1 1 1 1 1 1 1 1 1 1 1 1 1 1 1 0 0 
0 1 1 1 1 1 1 1 1 1 1 1 1 1 1 1 1 1 1 1 1 1 1 1 1 1 1 1 1 1 1 1 1 1 1 1 1 1 1 1 1 1 1 1 0 
1 1 1 1 1 1 1 1 1 1 1 1 1 1 1 1 1 1 1 1 1 1 1 1 1 1 1 1 1 1 1 1 1 1 1 1 1 1 1 1 1 1 1 1 1 
0 1 1 1 1 1 1 1 1 1 1 1 1 1 1 1 1 1 1 1 1 1 1 1 1 1 1 1 1 1 1 1 1 1 1 1 1 1 1 1 1 1 1 1 0 
0 0 1 1 1 1 1 1 1 1 1 1 1 1 1 1 1 1 1 1 1 1 1 1 1 1 1 1 1 1 1 1 1 1 1 1 1 1 1 1 1 1 1 0 0 
0 0 0 1 1 1 1 1 1 1 1 1 1 1 1 1 1 1 1 1 1 1 1 1 1 1 1 1 1 1 1 1 1 1 1 1 1 1 1 1 1 1 0 0 0 
0 0 0 0 1 1 1 1 1 1 1 1 1 1 1 1 1 1 1 1 1 1 1 1 1 1 1 1 1 1 1 1 1 1 1 1 1 1 1 1 1 0 0 0 0 
0 0 0 0 0 1 1 1 1 1 1 1 1 1 1 1 1 1 1 1 1 1 1 1 1 1 1 1 1 1 1 1 1 1 1 1 1 1 1 1 0 0 0 0 0 
0 0 0 0 0 0 1 1 1 1 1 1 1 1 1 1 1 1 1 1 1 1 1 1 1 1 1 1 1 1 1 1 1 1 1 1 1 1 1 0 0 0 0 0 0 
0 0 0 0 0 0 0 1 1 1 1 1 1 1 1 1 1 1 1 1 1 1 1 1 1 1 1 1 1 1 1 1 1 1 1 1 1 1 0 0 0 0 0 0 0 
0 0 0 0 0 0 0 0 1 1 1 1 1 1 1 1 1 1 1 1 1 1 1 1 1 1 1 1 1 1 1 1 1 1 1 1 1 0 0 0 0 0 0 0 0 
0 0 0 0 0 0 0 0 0 1 1 1 1 1 1 1 1 1 1 1 1 1 1 1 1 1 1 1 1 1 1 1 1 1 1 1 0 0 0 0 0 0 0 0 0 
0 0 0 0 0 0 0 0 0 1 1 1 1 1 1 1 1 1 1 1 1 1 1 1 1 1 1 1 1 1 1 1 1 1 1 1 0 0 0 0 0 0 0 0 0 
0 0 0 0 0 0 0 0 0 1 1 1 1 1 1 1 1 1 1 1 1 1 1 1 1 1 1 1 1 1 1 1 1 1 1 1 0 0 0 0 0 0 0 0 0 
0 0 0 0 0 0 0 0 0 1 1 1 1 1 1 1 1 1 1 1 1 1 1 1 1 1 1 1 1 1 1 1 1 1 1 1 0 0 0 0 0 0 0 0 0 
0 0 0 0 0 0 0 0 0 1 1 1 1 1 1 1 1 1 1 1 1 1 1 1 1 1 1 1 1 1 1 1 1 1 1 1 0 0 0 0 0 0 0 0 0 
0 0 0 0 0 0 0 0 0 1 1 1 1 1 1 1 1 1 1 1 1 1 1 1 1 1 1 1 1 1 1 1 1 1 1 1 0 0 0 0 0 0 0 0 0 
0 0 0 0 0 0 0 0 0 1 1 1 1 1 1 1 1 1 1 1 1 1 1 1 1 1 1 1 1 1 1 1 1 1 1 1 0 0 0 0 0 0 0 0 0 
0 0 0 0 0 0 0 0 0 0 0 0 0 0 0 0 1 1 1 1 1 1 1 1 1 1 1 1 1 0 0 0 0 0 0 0 0 0 0 0 0 0 0 0 0 
0 0 0 0 0 0 0 0 0 0 0 0 0 0 0 0 0 1 1 1 1 1 1 1 1 1 1 1 0 0 0 0 0 0 0 0 0 0 0 0 0 0 0 0 0 
0 0 0 0 0 0 0 0 0 0 0 0 0 0 0 0 0 0 1 1 1 1 1 1 1 1 1 0 0 0 0 0 0 0 0 0 0 0 0 0 0 0 0 0 0 
0 0 0 0 0 0 0 0 0 0 0 0 0 0 0 0 0 0 0 1 1 1 1 1 1 1 0 0 0 0 0 0 0 0 0 0 0 0 0 0 0 0 0 0 0 
0 0 0 0 0 0 0 0 0 0 0 0 0 0 0 0 0 0 0 0 1 1 1 1 1 0 0 0 0 0 0 0 0 0 0 0 0 0 0 0 0 0 0 0 0 
0 0 0 0 0 0 0 0 0 0 0 0 0 0 0 0 0 0 0 0 0 1 1 1 0 0 0 0 0 0 0 0 0 0 0 0 0 0 0 0 0 0 0 0 0 
0 0 0 0 0 0 0 0 0 0 0 0 0 0 0 0 0 0 0 0 0 0 1 0 0 0 0 0 0 0 0 0 0 0 0 0 0 0 0 0 0 0 0 0 0 
Exiting binaryThershold
Closing all files
